   6.76671670060000     
  5.678955075785758E-003
   10.7469518690000     
  5.713540723116879E-003
   6.66478981470000     
  5.741288456234362E-003
  0.000000000000000E+000
  8.254992849498918E-003
  1.030000000000000E-008
  8.995792791885110E-003
  6.900000000000000E-009
  9.262402130440554E-003
  4.104249850000000E-002
  0.649023788517081     
  3.324972120000000E-002
  0.641497380846189     
  3.795986260000000E-002
  0.627303514826537     
  3.647527900000000E-003
   1.97581028196014     
  3.647527900000000E-003
   1.43255857830426     
  0.000000000000000E+000
   7.17826778137102     
  0.000000000000000E+000
   6.89924700776449     
  0.300000000000000     
  0.540540540540540     
 -0.999999961000000     
   1.00000001950000     
 -0.999999961000000     
   1.00000001950000     
 -5.080987260000000E-002
  0.330534266009024     
